89467345746346587349860758695846577532465789876345678987654356789876545678987654123848488484848575378438
89467345746346587349860758695846577532465789876345678987654356789876545678987654123848488484848575378438
89467345746346587349860758695846577532465789876345678987654356789876545678987654123848488484848575378438
8946734574634658734986075869584657753246578987634567898765435678987654567898765412384848848484857537843889467345746346587349860758695846577532465789876345678987654356789876545678987654123848488484848575378438
613412378671234698147367244679806754323243566767980323435678987654323456789
89467345746346587349860758695846577532465789876345678987654356789876545678987654123848488484848575378438
89467345746346587349860758695846577532465789876345678987654356789876545678987654123848488484848575378438
89467345746346587349860758695846577532465789876345678987654356789876545678987654123848488484848575378438
8946734574634658734986075869584657753246578987634567898765435678987654567898765412384848848484857537843889467345746346587349860758695846577532465789876345678987654356789876545678987654123848488484848575378438
613412378671234698147367244679806754323243566767980323435678987654323456789
89467345746346587349860758695846577532465789876345678987654356789876545678987654123848488484848575378438
89467345746346587349860758695846577532465789876345678987654356789876545678987654123848488484848575378438
89467345746346587349860758695846577532465789876345678987654356789876545678987654123848488484848575378438
8946734574634658734986075869584657753246578987634567898765435678987654567898765412384848848484857537843889467345746346587349860758695846577532465789876345678987654356789876545678987654123848488484848575378438
613412378671234698147367244679806754323243566767980323435678987654323456789
89467345746346587349860758695846577532465789876345678987654356789876545678987654123848488484848575378438
89467345746346587349860758695846577532465789876345678987654356789876545678987654123848488484848575378438
89467345746346587349860758695846577532465789876345678987654356789876545678987654123848488484848575378438
8946734574634658734986075869584657753246578987634567898765435678987654567898765412384848848484857537843889467345746346587349860758695846577532465789876345678987654356789876545678987654123848488484848575378438
613412378671234698147367244679806754323243566767980323435678987654323456789